180
34
110
62
16
83
21
232
100
47
159
76
59
122
0
215
152
122
195
215
54
123
10
219
95
63
48
232
173
180
129
15
140
40
122
37
8
132
114
16
95
253
154
185
63
254
136
214
22
203
53
169
246
202
247
189
91
118
100
40
48
36
208
95
146
22
54
152
90
108
79
135
41
159
106
61
36
24
223
115
37
192
14
240
190
122
196
54
8
235
129
114
130
139
250
75
176
137
201
83
44
35
22
212
104
47
95
181
226
157
52
141
181
251
193
160
63
48
212
83
82
157
70
111
143
8
238
39
198
3
21
171
148
128
117
180
119
211
203
119
14
75
172
71
234
199
108
25
94
207
